4844db36-d0d5-35f9-a323-73b31cec8ba1:
  nueva:
    world: world
    x: 2.9999967454692464E7
    y: 143.0
    z: 2.999994391186989E7
    yaw: 154.12408
    pitch: 9.599974
